It is a correct partial realizer of B_5
----------------
124
24
14
4
123
23
13
3
12
2
1

----------------
----------------
1245
245
145
45
1235
235
135
35
125
25
15
5
1234
234
134
34
124
24
14
4
123
23
13
3
12
2
1

----------------
----------------
2345
1345
345
1245
245
145
45
1235
235
135
35
125
25
15
5
1234
234
134
34
124
24
14
4
123
23
13
3
12
2
1

----------------
----------------
1245
245
145
45
1235
235
135
35
125
25
15
5
1234
234
134
34
124
24
14
4
123
23
13
3
12
2
1

----------------
----------------
345
1245
245
145
45
1235
235
135
35
125
25
15
5
1234
234
134
34
124
24
14
4
123
23
13
3
12
2
1

----------------
