----------------
1234567
 34567 
 123567
  3567 
 123467
 13467 
  1367 
 23467 
  3467 
 123456
 23456 
 13456 
  2356 
  3456 
  356  
 12346 
  1236 
  2346 
  236  
  1346 
  346  
  136  
 123457
 23457 
 12345 
  1345 
 12357 
 12347 
  1234 
  2347 
  1357 
  123  
  135  
  3457 
  2345 
  234  
  367  
   36  
  1347 
  347  
  134  
  137  
   13  
  345  
   34  
  2357 
  235  
  357  
   35  
  237  
   23  
   37  
   3   
 124567
 12467 
 14567 
 12457 
  1467 
 12567 
  1567 
  1247 
  1457 
  1257 
 24567 
  2457 
  2467 
  247  
 12456 
  1246 
  1245 
  124  
  1256 
  147  
  125  
  126  
   12  
  2456 
  245  
  1456 
  146  
   16  
  145  
   14  
   1   
  246  
  4567 
  456  
  467  
   6   
   24  
   2   
  457  
----------------
----------------
 123457
 12356 
  1235 
 134567
 13456 
 13567 
  1356 
 13457 
  1345 
 124567
 14567 
  1357 
  135  
 12457 
 12456 
  1456 
  1457 
  1245 
  145  
  1257 
  1567 
  157  
  1256 
  156  
  125  
   15  
 123467
 12367 
 12347 
 13467 
  1237 
 12467 
  1267 
  1247 
  124  
  1346 
  1467 
  1367 
  146  
  136  
  167  
   16  
  1347 
  147  
  134  
   14  
  127  
  137  
   13  
   17  
   1   
 234567
 24567 
 23457 
 23467 
  2457 
 34567 
  4567 
  2347 
  2467 
  247  
 23456 
  2456 
  3457 
 23567 
  3567 
  2346 
  3456 
   45  
  3467 
  346  
  347  
  467  
   34  
   46  
   47  
   4   
  2367 
  2356 
  236  
  356  
  367  
   36  
  357  
   37  
   3   
  2567 
  567  
  256  
   56  
   5   
  267  
   26  
   67  
       
----------------
----------------
 12347 
 12457 
  1247 
 234567
 23457 
  2347 
  2457 
  247  
 123456
 12346 
  2456 
 12345 
  1245 
  1234 
  124  
  2345 
 134567
 13467 
  245  
  246  
 34567 
  3467 
 13456 
  234  
  1346 
 14567 
  346  
   46  
 13457 
  1457 
  1345 
   24  
  1347 
  457  
  134  
  147  
   14  
  345  
   45  
  347  
   47  
   34  
   4   
 123567
 13567 
 23567 
  3567 
 12567 
 12367 
  1367 
 12356 
  1356 
  1236 
  1567 
 12357 
  1357 
  136  
  1235 
  1237 
  135  
   35  
  137  
   37  
  123  
   13  
   3   
  1267 
  167  
  1257 
  157  
  257  
   57  
  267  
   67  
  127  
   17  
   27  
   7   
  1256 
  156  
  125  
   15  
  126  
   12  
   25  
       
----------------
----------------
1234567
 123457
 12345 
 234567
 23457 
  2345 
  2457 
  245  
 134567
  3457 
  345  
  4567 
  145  
 123567
 12357 
  1235 
 12567 
  456  
 13567 
  457  
  2356 
   45  
  356  
  2357 
  235  
  357  
   35  
  2567 
  567  
  257  
  256  
   56  
   57  
   25  
   5   
 123467
 12467 
 23467 
 12347 
  1247 
  1246 
 12367 
  2347 
  2367 
  1237 
  237  
   23  
  1267 
  127  
  126  
   12  
  2467 
  247  
 13467 
   24  
   27  
   26  
   2   
  1467 
  3467 
  467  
  1367 
  367  
  167  
   6   
  1347 
  137  
  347  
   37  
  147  
   17  
   47  
       
----------------
----------------
 12357 
  1237 
 124567
 12567 
  1257 
  1267 
  127  
 123456
 12356 
 12456 
  1256 
  125  
 12346 
  1246 
  1234 
  1236 
  123  
  126  
   12  
 234567
 24567 
 23456 
 23567 
 23467 
  2346 
  234  
  246  
   24  
  2367 
  2357 
  2356 
  235  
  237  
  236  
   23  
  2567 
  256  
  257  
   25  
  267  
   27  
   26  
   2   
 134567
 14567 
 34567 
  4567 
 13456 
  3456 
  1456 
 13467 
  3467 
  1346 
  146  
 13567 
  1367 
  1356 
  346  
  456  
  1567 
  156  
   46  
  3567 
  356  
  136  
   36  
   16  
  567  
   56  
   67  
   6   
 13457 
  1345 
  3457 
  1457 
  145  
  1357 
  357  
  157  
  135  
   15  
   17  
  457  
   1   
  345  
   34  
   3   
   45  
   47  
   4   
   5   
   7   
----------------
----------------
 124567
 24567 
  4567 
 123456
 23456 
 12456 
  2456 
  3456 
 123467
 23467 
 12346 
 12467 
  2346 
  2467 
  1246 
  1456 
  246  
  1467 
  467  
  146  
  456  
 123567
 12356 
 12367 
  1236 
 23567 
  1356 
  2367 
 12567 
  2567 
  367  
  567  
  1256 
  236  
   36  
  1267 
  167  
  267  
   67  
  126  
  256  
  156  
   26  
   16  
   56  
   46  
   6   
 123457
 12357 
 12347 
  1237 
 12457 
  1257 
  1247 
  127  
 12345 
  1235 
  1234 
  123  
  1245 
  124  
  125  
   12  
 23457 
  134  
   13  
   14  
  2347 
  157  
  2457 
   15  
   1   
  2345 
  245  
  247  
  234  
   4   
  2357 
  235  
  257  
   25  
  237  
   23  
   27  
   2   
   57  
   35  
   5   
----------------
----------------
1234567
 123567
 234567
 23567 
 123467
 12367 
  2367 
 124567
 12467 
 24567 
  2567 
  2467 
  267  
 134567
 14567 
  1467 
 34567 
  467  
 13567 
  1567 
 123457
  3567 
  167  
  567  
  367  
 13457 
 12457 
  1357 
  3457 
  1457 
  457  
   67  
  1347 
  137  
  347  
  147  
   47  
  157  
   17  
  2357 
  237  
  357  
  257  
   27  
   37  
   57  
   7   
 123456
 12345 
 13456 
 12456 
  1345 
  1245 
 23456 
  2456 
  1456 
  145  
 12356 
  1356 
  2345 
  2356 
  245  
  3456 
  356  
  1235 
  135  
  345  
  235  
   35  
  156  
  256  
   25  
   15  
  456  
   45  
   56  
   5   
 12346 
  2346 
  1246 
  1346 
  346  
  1236 
  1234 
  124  
  234  
  123  
  236  
  146  
   23  
  246  
   26  
   24  
   2   
  134  
   34  
   14  
  136  
   36  
   13  
   3   
   46  
   4   
   16  
   1   
   6   
----------------