It is a correct partial realizer of B_5
    |    |    |    |    |
    |    |    |    |    |
    |    |    |    |    |
    |    |    |    |1234|
    |    |    |    |    |
    |234 |    |    |134 |
    |    |    |    |    |
    |123 |    |    |    |
    |    |1234|    |123 |
    | 23 |124 |    | 13 |
    |    | 14 |1234|    |
    |    |234 |124 |    |
    |    | 34 | 12 |    |
    |    | 24 |134 | 34 |
    |124 | 4  | 14 |    |
    | 24 |    | 1  | 3  |
    | 12 |    |    |    |
    | 2  |    |234 |    |
    |    |    | 23 |    |
    |    |123 |    |    |
    |    | 13 |    |    |
    |    | 12 | 24 |    |
    |134 | 1  | 2  |    |
    | 14 |    |    |124 |
1234| 34 |    |    | 14 |
134 |    | 23 |    | 12 |
123 | 13 | 3  |    | 24 |
 13 |    |    | 34 | 4  |
234 | 3  | 2  | 4  | 1  |
 4  | 1  |    | 3  | 2  |
 23 |    |    |    |    |
